   201
   2.459000e+1   0.000000e+0
   2.460000e+1   0.000000e+0
   2.460000e+1   1.234870e-26
   2.462214e+1   4.339590e-24
   2.465852e+1   8.831680e-24
   2.469617e+1   1.348160e-23
   2.473515e+1   1.829500e-23
   2.477550e+1   2.327750e-23
   2.481727e+1   2.843510e-23
   2.486050e+1   3.377400e-23
   2.490526e+1   3.930050e-23
   2.495158e+1   4.502120e-23
   2.499954e+1   5.094290e-23
   2.504918e+1   5.690120e-23
   2.510056e+1   6.306730e-23
   2.515375e+1   6.945010e-23
   2.520881e+1   7.605720e-23
   2.526580e+1   8.289650e-23
   2.532480e+1   8.997610e-23
   2.538587e+1   9.730450e-23
   2.544909e+1   1.048900e-22
   2.551452e+1   1.127720e-22
   2.558226e+1   1.210360e-22
   2.565238e+1   1.295900e-22
   2.572496e+1   1.384450e-22
   2.580009e+1   1.476120e-22
   2.587787e+1   1.571000e-22
   2.595837e+1   1.669220e-22
   2.604171e+1   1.770050e-22
   2.612797e+1   1.873570e-22
   2.621727e+1   1.980720e-22
   2.630970e+1   2.091640e-22
   2.640538e+1   2.206460e-22
   2.650443e+1   2.325140e-22
   2.660695e+1   2.444060e-22
   2.671308e+1   2.567170e-22
   2.682294e+1   2.694610e-22
   2.693665e+1   2.826520e-22
   2.705437e+1   2.970680e-22
   2.717622e+1   3.129080e-22
   2.730235e+1   3.293060e-22
   2.743292e+1   3.462790e-22
   2.756807e+1   3.638490e-22
   2.770798e+1   3.820370e-22
   2.785280e+1   4.008630e-22
   2.800270e+1   4.203250e-22
   2.815788e+1   4.389460e-22
   2.831851e+1   4.582210e-22
   2.848479e+1   4.781750e-22
   2.865691e+1   4.988290e-22
   2.883507e+1   5.202090e-22
   2.901950e+1   5.423400e-22
   2.921041e+1   5.652500e-22
   2.940803e+1   5.889640e-22
   2.961260e+1   6.135110e-22
   2.982435e+1   6.389220e-22
   3.004354e+1   6.654430e-22
   3.027044e+1   6.938050e-22
   3.050531e+1   7.231640e-22
   3.074843e+1   7.535540e-22
   3.100010e+1   7.850130e-22
   3.126061e+1   8.175770e-22
   3.153028e+1   8.512850e-22
   3.180943e+1   8.861780e-22
   3.209838e+1   9.203300e-22
   3.239749e+1   9.517360e-22
   3.270711e+1   9.842460e-22
   3.302761e+1   1.017900e-21
   3.335937e+1   1.052730e-21
   3.370279e+1   1.088790e-21
   3.405829e+1   1.126120e-21
   3.442627e+1   1.164760e-21
   3.480718e+1   1.204750e-21
   3.520149e+1   1.246160e-21
   3.560964e+1   1.289010e-21
   3.603215e+1   1.333210e-21
   3.646950e+1   1.376950e-21
   3.692221e+1   1.422220e-21
   3.739084e+1   1.469080e-21
   3.787594e+1   1.517590e-21
   3.837808e+1   1.560250e-21
   3.889787e+1   1.601830e-21
   3.943593e+1   1.644870e-21
   3.999290e+1   1.689430e-21
   4.056944e+1   1.733280e-21
   4.116624e+1   1.778630e-21
   4.178401e+1   1.825580e-21
   4.242349e+1   1.874190e-21
   4.308545e+1   1.924490e-21
   4.377066e+1   1.976570e-21
   4.447996e+1   2.030480e-21
   4.521419e+1   2.083710e-21
   4.597421e+1   2.132350e-21
   4.676095e+1   2.182700e-21
   4.757533e+1   2.234820e-21
   4.841833e+1   2.288770e-21
   4.929096e+1   2.344620e-21
   5.019425e+1   2.400880e-21
   5.112929e+1   2.453240e-21
   5.209718e+1   2.507440e-21
   5.309909e+1   2.563550e-21
   5.413621e+1   2.621630e-21
   5.520978e+1   2.677970e-21
   5.632107e+1   2.720200e-21
   5.747142e+1   2.763910e-21
   5.866219e+1   2.809160e-21
   5.989481e+1   2.856000e-21
   6.117074e+1   2.895120e-21
   6.249151e+1   2.934750e-21
   6.385870e+1   2.975760e-21
   6.527394e+1   3.018220e-21
   6.673891e+1   3.062170e-21
   6.825536e+1   3.107660e-21
   6.982510e+1   3.154750e-21
   7.145001e+1   3.193350e-21
   7.313202e+1   3.232040e-21
   7.487314e+1   3.272080e-21
   7.667544e+1   3.313540e-21
   7.854109e+1   3.356440e-21
   8.047229e+1   3.395200e-21
   8.247137e+1   3.417180e-21
   8.454069e+1   3.439950e-21
   8.668273e+1   3.463510e-21
   8.890006e+1   3.487900e-21
   9.119530e+1   3.513150e-21
   9.357120e+1   3.539280e-21
   9.603060e+1   3.566340e-21
   9.857642e+1   3.594340e-21
   1.012117e+2   3.613640e-21
   1.039396e+2   3.621820e-21
   1.067634e+2   3.630290e-21
   1.096864e+2   3.639060e-21
   1.127121e+2   3.648140e-21
   1.158441e+2   3.657530e-21
   1.190863e+2   3.667260e-21
   1.224423e+2   3.667560e-21
   1.259163e+2   3.664080e-21
   1.295124e+2   3.660490e-21
   1.332348e+2   3.656770e-21
   1.370881e+2   3.652910e-21
   1.410768e+2   3.648920e-21
   1.452056e+2   3.644790e-21
   1.494795e+2   3.640520e-21
   1.539037e+2   3.624390e-21
   1.584833e+2   3.606070e-21
   1.632238e+2   3.587100e-21
   1.681310e+2   3.567480e-21
   1.732106e+2   3.547160e-21
   1.784687e+2   3.523350e-21
   1.839115e+2   3.497220e-21
   1.895457e+2   3.470180e-21
   1.953778e+2   3.442190e-21
   2.014149e+2   3.412640e-21
   2.076642e+2   3.380150e-21
   2.141331e+2   3.346510e-21
   2.208293e+2   3.311690e-21
   2.277608e+2   3.275640e-21
   2.349359e+2   3.238330e-21
   2.423632e+2   3.199710e-21
   2.500514e+2   3.159760e-21
   2.580099e+2   3.123150e-21
   2.662480e+2   3.085260e-21
   2.747756e+2   3.046030e-21
   2.836030e+2   3.005430e-21
   2.927405e+2   2.963390e-21
   3.021991e+2   2.921200e-21
   3.119902e+2   2.882040e-21
   3.221253e+2   2.841500e-21
   3.326165e+2   2.799530e-21
   3.434765e+2   2.756090e-21
   3.547181e+2   2.711130e-21
   3.663548e+2   2.664580e-21
   3.784004e+2   2.616400e-21
   3.908693e+2   2.566520e-21
   4.037764e+2   2.517920e-21
   4.171371e+2   2.475160e-21
   4.309673e+2   2.430900e-21
   4.452835e+2   2.385090e-21
   4.601028e+2   2.337670e-21
   4.754429e+2   2.288580e-21
   4.913221e+2   2.237770e-21
   5.077594e+2   2.191380e-21
   5.247742e+2   2.150540e-21
   5.423870e+2   2.108270e-21
   5.606188e+2   2.064510e-21
   5.794913e+2   2.019220e-21
   5.990269e+2   1.972340e-21
   6.192491e+2   1.931500e-21
   6.401820e+2   1.889640e-21
   6.618505e+2   1.846300e-21
   6.842804e+2   1.801440e-21
   7.074986e+2   1.759500e-21
   7.315328e+2   1.725850e-21
   7.564115e+2   1.691020e-21
   7.821646e+2   1.654970e-21
   8.088226e+2   1.616770e-21
   8.364175e+2   1.575370e-21
   8.649821e+2   1.532530e-21
   8.945506e+2   1.488170e-21
   9.251581e+2   1.454840e-21
   9.568413e+2   1.423160e-21
   9.896379e+2   1.390360e-21
-----------------------------------------------
Ionization cross-section of electrons in Helium
column # 1 - energy, [eV]
column # 2 - cross-section, [m^2]
line # 1 - number of cross-section values to read [ formatted for READ(*, '(2x,i4)') ]

Sources:
Taken from Biagi-v7.1 database, www.lxcat.net, retrieved on September 25, 2023.
Cross sections extracted from PROGRAM MAGBOLTZ, VERSION 7.1 JUNE 2004
